160
4 0 1 2 3
4 4 5 6 7
4 8 9 10 11
4 12 13 14 15
4 16 17 18 19
4 20 21 22 23
4 24 25 26 27
4 28 29 30 31
4 32 33 34 35
4 36 37 38 39
4 40 41 42 43
4 44 45 46 47
4 48 49 50 51
4 52 53 54 55
4 56 57 58 59
4 60 61 62 63
4 64 65 66 67
4 68 69 70 71
4 72 73 74 75
4 76 77 78 79
4 80 81 82 83
4 84 85 86 87
4 88 89 90 91
4 92 93 94 95
4 96 97 98 99
4 100 101 102 103
4 104 105 106 107
4 108 109 110 111
4 112 113 114 115
4 116 117 118 119
4 120 121 122 123
4 124 125 126 127
4 128 129 130 131
4 132 133 134 135
4 136 137 138 139
4 140 141 142 143
4 144 145 146 147
4 148 149 150 151
4 152 153 154 155
4 156 157 158 159
4 160 161 162 163
4 164 165 166 167
4 168 169 170 171
4 172 173 174 175
4 176 177 178 179
4 180 181 182 183
4 184 185 186 187
4 188 189 190 191
4 192 193 194 195
4 196 197 198 199
4 200 201 202 203
4 204 205 206 207
4 208 209 210 211
4 212 213 214 215
4 216 217 218 219
4 220 221 222 223
4 224 225 226 227
4 228 229 230 231
4 232 233 234 235
4 236 237 238 239
3 240 241 242
3 243 244 245
3 246 247 248
3 249 250 251
3 252 253 254
3 255 256 257
3 258 259 260
3 261 262 263
3 264 265 266
3 267 268 269
3 270 271 272
3 273 274 275
3 276 277 278
3 279 280 281
3 282 283 284
3 285 286 287
3 288 289 290
3 291 292 293
3 294 295 296
3 297 298 299
3 300 301 302
3 303 304 305
3 306 307 308
3 309 310 311
3 312 313 314
3 315 316 317
3 318 319 320
3 321 322 323
3 324 325 326
3 327 328 329
3 330 331 332
3 333 334 335
3 336 337 338
3 339 340 341
3 342 343 344
3 345 346 347
3 348 349 350
3 351 352 353
3 354 355 356
3 357 358 359
3 360 361 362
3 363 364 365
3 366 367 368
3 369 370 371
3 372 373 374
3 375 376 377
3 378 379 380
3 381 382 383
3 384 385 386
3 387 388 389
3 390 391 392
3 393 394 395
3 396 397 398
3 399 400 401
3 402 403 404
3 405 406 407
3 408 409 410
3 411 412 413
3 414 415 416
3 417 418 419
2 420 421
2 422 423
2 424 425
2 426 427
2 428 429
2 430 431
2 432 433
2 434 435
2 436 437
2 438 439
2 440 441
2 442 443
2 444 445
2 446 447
2 448 449
2 450 451
2 452 453
2 454 455
2 456 457
2 458 459
2 460 461
2 462 463
2 464 465
2 466 467
2 468 469
2 470 471
2 472 473
2 474 475
2 476 477
2 478 479
2 480 481
2 482 483
2 484 485
2 486 487
2 488 489
2 490 491
2 492 493
2 494 495
2 496 497
2 498 499
