1628
4 0 1 2 3
4 4 5 6 7
4 8 9 10 11
4 12 13 14 15
4 16 17 18 19
4 20 21 22 23
4 24 25 26 27
4 28 29 30 31
4 32 33 34 35
4 36 37 38 39
4 40 41 42 43
4 44 45 46 47
4 48 49 50 51
4 52 53 54 55
4 56 57 58 59
4 60 61 62 63
4 64 65 66 67
4 68 69 70 71
4 72 73 74 75
4 76 77 78 79
4 80 81 82 83
4 84 85 86 87
4 88 89 90 91
4 92 93 94 95
4 96 97 98 99
4 100 101 102 103
4 104 105 106 107
4 108 109 110 111
4 112 113 114 115
4 116 117 118 119
4 120 121 122 123
4 124 125 126 127
4 128 129 130 131
4 132 133 134 135
4 136 137 138 139
4 140 141 142 143
4 144 145 146 147
4 148 149 150 151
4 152 153 154 155
4 156 157 158 159
4 160 161 162 163
4 164 165 166 167
4 168 169 170 171
4 172 173 174 175
4 176 177 178 179
4 180 181 182 183
4 184 185 186 187
4 188 189 190 191
4 192 193 194 195
4 196 197 198 199
4 200 201 202 203
4 204 205 206 207
4 208 209 210 211
4 212 213 214 215
4 216 217 218 219
4 220 221 222 223
4 224 225 226 227
4 228 229 230 231
4 232 233 234 235
4 236 237 238 239
4 240 241 242 243
4 244 245 246 247
4 248 249 250 251
4 252 253 254 255
4 256 257 258 259
4 260 261 262 263
4 264 265 266 267
4 268 269 270 271
4 272 273 274 275
4 276 277 278 279
4 280 281 282 283
4 284 285 286 287
4 288 289 290 291
4 292 293 294 295
4 296 297 298 299
4 300 301 302 303
4 304 305 306 307
4 308 309 310 311
4 312 313 314 315
4 316 317 318 319
4 320 321 322 323
4 324 325 326 327
4 328 329 330 331
4 332 333 334 335
4 336 337 338 339
4 340 341 342 343
4 344 345 346 347
4 348 349 350 351
4 352 353 354 355
4 356 357 358 359
4 360 361 362 363
4 364 365 366 367
4 368 369 370 371
4 372 373 374 375
4 376 377 378 379
4 380 381 382 383
4 384 385 386 387
4 388 389 390 391
4 392 393 394 395
4 396 397 398 399
4 400 401 402 403
4 404 405 406 407
4 408 409 410 411
4 412 413 414 415
4 416 417 418 419
4 420 421 422 423
4 424 425 426 427
4 428 429 430 431
4 432 433 434 435
4 436 437 438 439
4 440 441 442 443
4 444 445 446 447
4 448 449 450 451
4 452 453 454 455
4 456 457 458 459
4 460 461 462 463
4 464 465 466 467
4 468 469 470 471
4 472 473 474 475
4 476 477 478 479
4 480 481 482 483
4 484 485 486 487
4 488 489 490 491
4 492 493 494 495
4 496 497 498 499
4 500 501 502 503
4 504 505 506 507
4 508 509 510 511
4 512 513 514 515
4 516 517 518 519
4 520 521 522 523
4 524 525 526 527
4 528 529 530 531
4 532 533 534 535
4 536 537 538 539
4 540 541 542 543
4 544 545 546 547
4 548 549 550 551
4 552 553 554 555
4 556 557 558 559
4 560 561 562 563
4 564 565 566 567
4 568 569 570 571
4 572 573 574 575
4 576 577 578 579
4 580 581 582 583
4 584 585 586 587
4 588 589 590 591
4 592 593 594 595
4 596 597 598 599
4 600 601 602 603
4 604 605 606 607
4 608 609 610 611
4 612 613 614 615
4 616 617 618 619
4 620 621 622 623
4 624 625 626 627
4 628 629 630 631
4 632 633 634 635
4 636 637 638 639
4 640 641 642 643
4 644 645 646 647
4 648 649 650 651
4 652 653 654 655
4 656 657 658 659
4 660 661 662 663
4 664 665 666 667
4 668 669 670 671
4 672 673 674 675
4 676 677 678 679
4 680 681 682 683
4 684 685 686 687
4 688 689 690 691
4 692 693 694 695
4 696 697 698 699
4 700 701 702 703
4 704 705 706 707
4 708 709 710 711
4 712 713 714 715
4 716 717 718 719
4 720 721 722 723
4 724 725 726 727
4 728 729 730 731
4 732 733 734 735
4 736 737 738 739
4 740 741 742 743
4 744 745 746 747
4 748 749 750 751
4 752 753 754 755
4 756 757 758 759
4 760 761 762 763
4 764 765 766 767
4 768 769 770 771
4 772 773 774 775
4 776 777 778 779
4 780 781 782 783
4 784 785 786 787
4 788 789 790 791
4 792 793 794 795
4 796 797 798 799
4 800 801 802 803
4 804 805 806 807
4 808 809 810 811
4 812 813 814 815
4 816 817 818 819
4 820 821 822 823
4 824 825 826 827
4 828 829 830 831
4 832 833 834 835
4 836 837 838 839
4 840 841 842 843
4 844 845 846 847
4 848 849 850 851
4 852 853 854 855
4 856 857 858 859
4 860 861 862 863
4 864 865 866 867
4 868 869 870 871
4 872 873 874 875
4 876 877 878 879
4 880 881 882 883
4 884 885 886 887
4 888 889 890 891
4 892 893 894 895
4 896 897 898 899
4 900 901 902 903
4 904 905 906 907
4 908 909 910 911
4 912 913 914 915
4 916 917 918 919
4 920 921 922 923
4 924 925 926 927
4 928 929 930 931
4 932 933 934 935
4 936 937 938 939
4 940 941 942 943
4 944 945 946 947
4 948 949 950 951
4 952 953 954 955
4 956 957 958 959
4 960 961 962 963
4 964 965 966 967
4 968 969 970 971
4 972 973 974 975
4 976 977 978 979
4 980 981 982 983
4 984 985 986 987
4 988 989 990 991
4 992 993 994 995
4 996 997 998 999
4 1000 1001 1002 1003
4 1004 1005 1006 1007
4 1008 1009 1010 1011
4 1012 1013 1014 1015
4 1016 1017 1018 1019
4 1020 1021 1022 1023
4 1024 1025 1026 1027
4 1028 1029 1030 1031
4 1032 1033 1034 1035
4 1036 1037 1038 1039
4 1040 1041 1042 1043
4 1044 1045 1046 1047
4 1048 1049 1050 1051
4 1052 1053 1054 1055
4 1056 1057 1058 1059
4 1060 1061 1062 1063
4 1064 1065 1066 1067
4 1068 1069 1070 1071
4 1072 1073 1074 1075
4 1076 1077 1078 1079
4 1080 1081 1082 1083
4 1084 1085 1086 1087
4 1088 1089 1090 1091
4 1092 1093 1094 1095
4 1096 1097 1098 1099
4 1100 1101 1102 1103
4 1104 1105 1106 1107
4 1108 1109 1110 1111
4 1112 1113 1114 1115
4 1116 1117 1118 1119
4 1120 1121 1122 1123
4 1124 1125 1126 1127
4 1128 1129 1130 1131
4 1132 1133 1134 1135
4 1136 1137 1138 1139
4 1140 1141 1142 1143
4 1144 1145 1146 1147
4 1148 1149 1150 1151
4 1152 1153 1154 1155
4 1156 1157 1158 1159
4 1160 1161 1162 1163
4 1164 1165 1166 1167
4 1168 1169 1170 1171
4 1172 1173 1174 1175
4 1176 1177 1178 1179
4 1180 1181 1182 1183
4 1184 1185 1186 1187
4 1188 1189 1190 1191
4 1192 1193 1194 1195
4 1196 1197 1198 1199
4 1200 1201 1202 1203
4 1204 1205 1206 1207
4 1208 1209 1210 1211
4 1212 1213 1214 1215
4 1216 1217 1218 1219
4 1220 1221 1222 1223
4 1224 1225 1226 1227
4 1228 1229 1230 1231
4 1232 1233 1234 1235
4 1236 1237 1238 1239
4 1240 1241 1242 1243
4 1244 1245 1246 1247
4 1248 1249 1250 1251
4 1252 1253 1254 1255
4 1256 1257 1258 1259
4 1260 1261 1262 1263
4 1264 1265 1266 1267
4 1268 1269 1270 1271
4 1272 1273 1274 1275
4 1276 1277 1278 1279
4 1280 1281 1282 1283
4 1284 1285 1286 1287
4 1288 1289 1290 1291
4 1292 1293 1294 1295
4 1296 1297 1298 1299
4 1300 1301 1302 1303
4 1304 1305 1306 1307
4 1308 1309 1310 1311
4 1312 1313 1314 1315
4 1316 1317 1318 1319
4 1320 1321 1322 1323
4 1324 1325 1326 1327
4 1328 1329 1330 1331
4 1332 1333 1334 1335
4 1336 1337 1338 1339
4 1340 1341 1342 1343
4 1344 1345 1346 1347
4 1348 1349 1350 1351
4 1352 1353 1354 1355
4 1356 1357 1358 1359
4 1360 1361 1362 1363
4 1364 1365 1366 1367
4 1368 1369 1370 1371
4 1372 1373 1374 1375
4 1376 1377 1378 1379
4 1380 1381 1382 1383
4 1384 1385 1386 1387
4 1388 1389 1390 1391
4 1392 1393 1394 1395
4 1396 1397 1398 1399
4 1400 1401 1402 1403
4 1404 1405 1406 1407
4 1408 1409 1410 1411
4 1412 1413 1414 1415
4 1416 1417 1418 1419
4 1420 1421 1422 1423
4 1424 1425 1426 1427
4 1428 1429 1430 1431
4 1432 1433 1434 1435
4 1436 1437 1438 1439
4 1440 1441 1442 1443
4 1444 1445 1446 1447
4 1448 1449 1450 1451
4 1452 1453 1454 1455
4 1456 1457 1458 1459
4 1460 1461 1462 1463
4 1464 1465 1466 1467
4 1468 1469 1470 1471
4 1472 1473 1474 1475
4 1476 1477 1478 1479
4 1480 1481 1482 1483
4 1484 1485 1486 1487
4 1488 1489 1490 1491
4 1492 1493 1494 1495
4 1496 1497 1498 1499
4 1500 1501 1502 1503
4 1504 1505 1506 1507
4 1508 1509 1510 1511
4 1512 1513 1514 1515
4 1516 1517 1518 1519
4 1520 1521 1522 1523
4 1524 1525 1526 1527
4 1528 1529 1530 1531
4 1532 1533 1534 1535
4 1536 1537 1538 1539
4 1540 1541 1542 1543
4 1544 1545 1546 1547
4 1548 1549 1550 1551
4 1552 1553 1554 1555
4 1556 1557 1558 1559
4 1560 1561 1562 1563
4 1564 1565 1566 1567
4 1568 1569 1570 1571
4 1572 1573 1574 1575
4 1576 1577 1578 1579
4 1580 1581 1582 1583
4 1584 1585 1586 1587
4 1588 1589 1590 1591
4 1592 1593 1594 1595
4 1596 1597 1598 1599
4 1600 1601 1602 1603
4 1604 1605 1606 1607
4 1608 1609 1610 1611
4 1612 1613 1614 1615
4 1616 1617 1618 1619
4 1620 1621 1622 1623
4 1624 1625 1626 1627
4 1628 1629 1630 1631
4 1632 1633 1634 1635
4 1636 1637 1638 1639
4 1640 1641 1642 1643
4 1644 1645 1646 1647
4 1648 1649 1650 1651
4 1652 1653 1654 1655
4 1656 1657 1658 1659
4 1660 1661 1662 1663
4 1664 1665 1666 1667
4 1668 1669 1670 1671
4 1672 1673 1674 1675
4 1676 1677 1678 1679
4 1680 1681 1682 1683
4 1684 1685 1686 1687
4 1688 1689 1690 1691
4 1692 1693 1694 1695
4 1696 1697 1698 1699
4 1700 1701 1702 1703
4 1704 1705 1706 1707
4 1708 1709 1710 1711
4 1712 1713 1714 1715
4 1716 1717 1718 1719
4 1720 1721 1722 1723
4 1724 1725 1726 1727
4 1728 1729 1730 1731
4 1732 1733 1734 1735
4 1736 1737 1738 1739
4 1740 1741 1742 1743
4 1744 1745 1746 1747
4 1748 1749 1750 1751
4 1752 1753 1754 1755
4 1756 1757 1758 1759
4 1760 1761 1762 1763
4 1764 1765 1766 1767
4 1768 1769 1770 1771
4 1772 1773 1774 1775
4 1776 1777 1778 1779
4 1780 1781 1782 1783
4 1784 1785 1786 1787
4 1788 1789 1790 1791
4 1792 1793 1794 1795
4 1796 1797 1798 1799
4 1800 1801 1802 1803
4 1804 1805 1806 1807
4 1808 1809 1810 1811
4 1812 1813 1814 1815
4 1816 1817 1818 1819
4 1820 1821 1822 1823
4 1824 1825 1826 1827
4 1828 1829 1830 1831
4 1832 1833 1834 1835
4 1836 1837 1838 1839
4 1840 1841 1842 1843
4 1844 1845 1846 1847
4 1848 1849 1850 1851
4 1852 1853 1854 1855
4 1856 1857 1858 1859
4 1860 1861 1862 1863
4 1864 1865 1866 1867
4 1868 1869 1870 1871
4 1872 1873 1874 1875
4 1876 1877 1878 1879
4 1880 1881 1882 1883
4 1884 1885 1886 1887
4 1888 1889 1890 1891
4 1892 1893 1894 1895
4 1896 1897 1898 1899
4 1900 1901 1902 1903
4 1904 1905 1906 1907
4 1908 1909 1910 1911
4 1912 1913 1914 1915
4 1916 1917 1918 1919
4 1920 1921 1922 1923
4 1924 1925 1926 1927
4 1928 1929 1930 1931
4 1932 1933 1934 1935
4 1936 1937 1938 1939
4 1940 1941 1942 1943
4 1944 1945 1946 1947
4 1948 1949 1950 1951
4 1952 1953 1954 1955
4 1956 1957 1958 1959
4 1960 1961 1962 1963
4 1964 1965 1966 1967
4 1968 1969 1970 1971
4 1972 1973 1974 1975
4 1976 1977 1978 1979
4 1980 1981 1982 1983
4 1984 1985 1986 1987
4 1988 1989 1990 1991
4 1992 1993 1994 1995
4 1996 1997 1998 1999
4 2000 2001 2002 2003
4 2004 2005 2006 2007
4 2008 2009 2010 2011
4 2012 2013 2014 2015
4 2016 2017 2018 2019
4 2020 2021 2022 2023
4 2024 2025 2026 2027
4 2028 2029 2030 2031
4 2032 2033 2034 2035
4 2036 2037 2038 2039
4 2040 2041 2042 2043
4 2044 2045 2046 2047
4 2048 2049 2050 2051
4 2052 2053 2054 2055
4 2056 2057 2058 2059
4 2060 2061 2062 2063
4 2064 2065 2066 2067
4 2068 2069 2070 2071
4 2072 2073 2074 2075
4 2076 2077 2078 2079
4 2080 2081 2082 2083
4 2084 2085 2086 2087
4 2088 2089 2090 2091
4 2092 2093 2094 2095
4 2096 2097 2098 2099
4 2100 2101 2102 2103
4 2104 2105 2106 2107
4 2108 2109 2110 2111
4 2112 2113 2114 2115
4 2116 2117 2118 2119
4 2120 2121 2122 2123
4 2124 2125 2126 2127
4 2128 2129 2130 2131
4 2132 2133 2134 2135
4 2136 2137 2138 2139
4 2140 2141 2142 2143
4 2144 2145 2146 2147
4 2148 2149 2150 2151
4 2152 2153 2154 2155
4 2156 2157 2158 2159
4 2160 2161 2162 2163
4 2164 2165 2166 2167
4 2168 2169 2170 2171
4 2172 2173 2174 2175
4 2176 2177 2178 2179
4 2180 2181 2182 2183
4 2184 2185 2186 2187
4 2188 2189 2190 2191
4 2192 2193 2194 2195
4 2196 2197 2198 2199
4 2200 2201 2202 2203
4 2204 2205 2206 2207
4 2208 2209 2210 2211
4 2212 2213 2214 2215
4 2216 2217 2218 2219
4 2220 2221 2222 2223
4 2224 2225 2226 2227
4 2228 2229 2230 2231
4 2232 2233 2234 2235
4 2236 2237 2238 2239
4 2240 2241 2242 2243
4 2244 2245 2246 2247
4 2248 2249 2250 2251
4 2252 2253 2254 2255
4 2256 2257 2258 2259
4 2260 2261 2262 2263
4 2264 2265 2266 2267
4 2268 2269 2270 2271
4 2272 2273 2274 2275
4 2276 2277 2278 2279
4 2280 2281 2282 2283
4 2284 2285 2286 2287
4 2288 2289 2290 2291
4 2292 2293 2294 2295
4 2296 2297 2298 2299
4 2300 2301 2302 2303
4 2304 2305 2306 2307
4 2308 2309 2310 2311
4 2312 2313 2314 2315
4 2316 2317 2318 2319
4 2320 2321 2322 2323
4 2324 2325 2326 2327
4 2328 2329 2330 2331
4 2332 2333 2334 2335
4 2336 2337 2338 2339
3 2340 2341 2342
3 2343 2344 2345
3 2346 2347 2348
3 2349 2350 2351
3 2352 2353 2354
3 2355 2356 2357
3 2358 2359 2360
3 2361 2362 2363
3 2364 2365 2366
3 2367 2368 2369
3 2370 2371 2372
3 2373 2374 2375
3 2376 2377 2378
3 2379 2380 2381
3 2382 2383 2384
3 2385 2386 2387
3 2388 2389 2390
3 2391 2392 2393
3 2394 2395 2396
3 2397 2398 2399
3 2400 2401 2402
3 2403 2404 2405
3 2406 2407 2408
3 2409 2410 2411
3 2412 2413 2414
3 2415 2416 2417
3 2418 2419 2420
3 2421 2422 2423
3 2424 2425 2426
3 2427 2428 2429
3 2430 2431 2432
3 2433 2434 2435
3 2436 2437 2438
3 2439 2440 2441
3 2442 2443 2444
3 2445 2446 2447
3 2448 2449 2450
3 2451 2452 2453
3 2454 2455 2456
3 2457 2458 2459
3 2460 2461 2462
3 2463 2464 2465
3 2466 2467 2468
3 2469 2470 2471
3 2472 2473 2474
3 2475 2476 2477
3 2478 2479 2480
3 2481 2482 2483
3 2484 2485 2486
3 2487 2488 2489
3 2490 2491 2492
3 2493 2494 2495
3 2496 2497 2498
3 2499 2500 2501
3 2502 2503 2504
3 2505 2506 2507
3 2508 2509 2510
3 2511 2512 2513
3 2514 2515 2516
3 2517 2518 2519
3 2520 2521 2522
3 2523 2524 2525
3 2526 2527 2528
3 2529 2530 2531
3 2532 2533 2534
3 2535 2536 2537
3 2538 2539 2540
3 2541 2542 2543
3 2544 2545 2546
3 2547 2548 2549
3 2550 2551 2552
3 2553 2554 2555
3 2556 2557 2558
3 2559 2560 2561
3 2562 2563 2564
3 2565 2566 2567
3 2568 2569 2570
3 2571 2572 2573
3 2574 2575 2576
3 2577 2578 2579
3 2580 2581 2582
3 2583 2584 2585
3 2586 2587 2588
3 2589 2590 2591
3 2592 2593 2594
3 2595 2596 2597
3 2598 2599 2600
3 2601 2602 2603
3 2604 2605 2606
3 2607 2608 2609
3 2610 2611 2612
3 2613 2614 2615
3 2616 2617 2618
3 2619 2620 2621
3 2622 2623 2624
3 2625 2626 2627
3 2628 2629 2630
3 2631 2632 2633
3 2634 2635 2636
3 2637 2638 2639
3 2640 2641 2642
3 2643 2644 2645
3 2646 2647 2648
3 2649 2650 2651
3 2652 2653 2654
3 2655 2656 2657
3 2658 2659 2660
3 2661 2662 2663
3 2664 2665 2666
3 2667 2668 2669
3 2670 2671 2672
3 2673 2674 2675
3 2676 2677 2678
3 2679 2680 2681
3 2682 2683 2684
3 2685 2686 2687
3 2688 2689 2690
3 2691 2692 2693
3 2694 2695 2696
3 2697 2698 2699
3 2700 2701 2702
3 2703 2704 2705
3 2706 2707 2708
3 2709 2710 2711
3 2712 2713 2714
3 2715 2716 2717
3 2718 2719 2720
3 2721 2722 2723
3 2724 2725 2726
3 2727 2728 2729
3 2730 2731 2732
3 2733 2734 2735
3 2736 2737 2738
3 2739 2740 2741
3 2742 2743 2744
3 2745 2746 2747
3 2748 2749 2750
3 2751 2752 2753
3 2754 2755 2756
3 2757 2758 2759
3 2760 2761 2762
3 2763 2764 2765
3 2766 2767 2768
3 2769 2770 2771
3 2772 2773 2774
3 2775 2776 2777
3 2778 2779 2780
3 2781 2782 2783
3 2784 2785 2786
3 2787 2788 2789
3 2790 2791 2792
3 2793 2794 2795
3 2796 2797 2798
3 2799 2800 2801
3 2802 2803 2804
3 2805 2806 2807
3 2808 2809 2810
3 2811 2812 2813
3 2814 2815 2816
3 2817 2818 2819
3 2820 2821 2822
3 2823 2824 2825
3 2826 2827 2828
3 2829 2830 2831
3 2832 2833 2834
3 2835 2836 2837
3 2838 2839 2840
3 2841 2842 2843
3 2844 2845 2846
3 2847 2848 2849
3 2850 2851 2852
3 2853 2854 2855
3 2856 2857 2858
3 2859 2860 2861
3 2862 2863 2864
3 2865 2866 2867
3 2868 2869 2870
3 2871 2872 2873
3 2874 2875 2876
3 2877 2878 2879
3 2880 2881 2882
3 2883 2884 2885
3 2886 2887 2888
3 2889 2890 2891
3 2892 2893 2894
3 2895 2896 2897
3 2898 2899 2900
3 2901 2902 2903
3 2904 2905 2906
3 2907 2908 2909
3 2910 2911 2912
3 2913 2914 2915
3 2916 2917 2918
3 2919 2920 2921
3 2922 2923 2924
3 2925 2926 2927
3 2928 2929 2930
3 2931 2932 2933
3 2934 2935 2936
3 2937 2938 2939
3 2940 2941 2942
3 2943 2944 2945
3 2946 2947 2948
3 2949 2950 2951
3 2952 2953 2954
3 2955 2956 2957
3 2958 2959 2960
3 2961 2962 2963
3 2964 2965 2966
3 2967 2968 2969
3 2970 2971 2972
3 2973 2974 2975
3 2976 2977 2978
3 2979 2980 2981
3 2982 2983 2984
3 2985 2986 2987
3 2988 2989 2990
3 2991 2992 2993
3 2994 2995 2996
3 2997 2998 2999
3 3000 3001 3002
3 3003 3004 3005
3 3006 3007 3008
3 3009 3010 3011
3 3012 3013 3014
3 3015 3016 3017
3 3018 3019 3020
3 3021 3022 3023
3 3024 3025 3026
3 3027 3028 3029
3 3030 3031 3032
3 3033 3034 3035
3 3036 3037 3038
3 3039 3040 3041
3 3042 3043 3044
3 3045 3046 3047
3 3048 3049 3050
3 3051 3052 3053
3 3054 3055 3056
3 3057 3058 3059
3 3060 3061 3062
3 3063 3064 3065
3 3066 3067 3068
3 3069 3070 3071
3 3072 3073 3074
3 3075 3076 3077
3 3078 3079 3080
3 3081 3082 3083
3 3084 3085 3086
3 3087 3088 3089
3 3090 3091 3092
3 3093 3094 3095
3 3096 3097 3098
3 3099 3100 3101
3 3102 3103 3104
3 3105 3106 3107
3 3108 3109 3110
3 3111 3112 3113
3 3114 3115 3116
3 3117 3118 3119
3 3120 3121 3122
3 3123 3124 3125
3 3126 3127 3128
3 3129 3130 3131
3 3132 3133 3134
3 3135 3136 3137
3 3138 3139 3140
3 3141 3142 3143
3 3144 3145 3146
3 3147 3148 3149
3 3150 3151 3152
3 3153 3154 3155
3 3156 3157 3158
3 3159 3160 3161
3 3162 3163 3164
3 3165 3166 3167
3 3168 3169 3170
3 3171 3172 3173
3 3174 3175 3176
3 3177 3178 3179
3 3180 3181 3182
3 3183 3184 3185
3 3186 3187 3188
3 3189 3190 3191
3 3192 3193 3194
3 3195 3196 3197
3 3198 3199 3200
3 3201 3202 3203
3 3204 3205 3206
3 3207 3208 3209
3 3210 3211 3212
3 3213 3214 3215
3 3216 3217 3218
3 3219 3220 3221
3 3222 3223 3224
3 3225 3226 3227
3 3228 3229 3230
3 3231 3232 3233
3 3234 3235 3236
3 3237 3238 3239
3 3240 3241 3242
3 3243 3244 3245
3 3246 3247 3248
3 3249 3250 3251
3 3252 3253 3254
3 3255 3256 3257
3 3258 3259 3260
3 3261 3262 3263
3 3264 3265 3266
3 3267 3268 3269
3 3270 3271 3272
3 3273 3274 3275
3 3276 3277 3278
3 3279 3280 3281
3 3282 3283 3284
3 3285 3286 3287
3 3288 3289 3290
3 3291 3292 3293
3 3294 3295 3296
3 3297 3298 3299
3 3300 3301 3302
3 3303 3304 3305
3 3306 3307 3308
3 3309 3310 3311
3 3312 3313 3314
3 3315 3316 3317
3 3318 3319 3320
3 3321 3322 3323
3 3324 3325 3326
3 3327 3328 3329
3 3330 3331 3332
3 3333 3334 3335
3 3336 3337 3338
3 3339 3340 3341
3 3342 3343 3344
3 3345 3346 3347
3 3348 3349 3350
3 3351 3352 3353
3 3354 3355 3356
3 3357 3358 3359
3 3360 3361 3362
3 3363 3364 3365
3 3366 3367 3368
3 3369 3370 3371
3 3372 3373 3374
3 3375 3376 3377
3 3378 3379 3380
3 3381 3382 3383
3 3384 3385 3386
3 3387 3388 3389
3 3390 3391 3392
3 3393 3394 3395
3 3396 3397 3398
3 3399 3400 3401
3 3402 3403 3404
3 3405 3406 3407
3 3408 3409 3410
3 3411 3412 3413
3 3414 3415 3416
3 3417 3418 3419
3 3420 3421 3422
3 3423 3424 3425
3 3426 3427 3428
3 3429 3430 3431
3 3432 3433 3434
3 3435 3436 3437
3 3438 3439 3440
3 3441 3442 3443
3 3444 3445 3446
3 3447 3448 3449
3 3450 3451 3452
3 3453 3454 3455
3 3456 3457 3458
3 3459 3460 3461
3 3462 3463 3464
3 3465 3466 3467
3 3468 3469 3470
3 3471 3472 3473
3 3474 3475 3476
3 3477 3478 3479
3 3480 3481 3482
3 3483 3484 3485
3 3486 3487 3488
3 3489 3490 3491
3 3492 3493 3494
3 3495 3496 3497
3 3498 3499 3500
3 3501 3502 3503
3 3504 3505 3506
3 3507 3508 3509
3 3510 3511 3512
3 3513 3514 3515
3 3516 3517 3518
3 3519 3520 3521
3 3522 3523 3524
3 3525 3526 3527
3 3528 3529 3530
3 3531 3532 3533
3 3534 3535 3536
3 3537 3538 3539
3 3540 3541 3542
3 3543 3544 3545
3 3546 3547 3548
3 3549 3550 3551
3 3552 3553 3554
3 3555 3556 3557
3 3558 3559 3560
3 3561 3562 3563
3 3564 3565 3566
3 3567 3568 3569
3 3570 3571 3572
3 3573 3574 3575
3 3576 3577 3578
3 3579 3580 3581
3 3582 3583 3584
3 3585 3586 3587
3 3588 3589 3590
3 3591 3592 3593
3 3594 3595 3596
3 3597 3598 3599
3 3600 3601 3602
3 3603 3604 3605
3 3606 3607 3608
3 3609 3610 3611
3 3612 3613 3614
3 3615 3616 3617
3 3618 3619 3620
3 3621 3622 3623
3 3624 3625 3626
3 3627 3628 3629
3 3630 3631 3632
3 3633 3634 3635
3 3636 3637 3638
3 3639 3640 3641
3 3642 3643 3644
3 3645 3646 3647
3 3648 3649 3650
3 3651 3652 3653
3 3654 3655 3656
3 3657 3658 3659
3 3660 3661 3662
3 3663 3664 3665
3 3666 3667 3668
3 3669 3670 3671
3 3672 3673 3674
3 3675 3676 3677
3 3678 3679 3680
3 3681 3682 3683
3 3684 3685 3686
3 3687 3688 3689
3 3690 3691 3692
3 3693 3694 3695
3 3696 3697 3698
3 3699 3700 3701
3 3702 3703 3704
3 3705 3706 3707
3 3708 3709 3710
3 3711 3712 3713
3 3714 3715 3716
3 3717 3718 3719
3 3720 3721 3722
3 3723 3724 3725
3 3726 3727 3728
3 3729 3730 3731
3 3732 3733 3734
3 3735 3736 3737
3 3738 3739 3740
3 3741 3742 3743
3 3744 3745 3746
3 3747 3748 3749
3 3750 3751 3752
3 3753 3754 3755
3 3756 3757 3758
3 3759 3760 3761
3 3762 3763 3764
3 3765 3766 3767
3 3768 3769 3770
3 3771 3772 3773
3 3774 3775 3776
3 3777 3778 3779
3 3780 3781 3782
3 3783 3784 3785
3 3786 3787 3788
3 3789 3790 3791
3 3792 3793 3794
3 3795 3796 3797
3 3798 3799 3800
3 3801 3802 3803
3 3804 3805 3806
3 3807 3808 3809
3 3810 3811 3812
3 3813 3814 3815
3 3816 3817 3818
3 3819 3820 3821
3 3822 3823 3824
3 3825 3826 3827
3 3828 3829 3830
3 3831 3832 3833
3 3834 3835 3836
3 3837 3838 3839
3 3840 3841 3842
3 3843 3844 3845
3 3846 3847 3848
3 3849 3850 3851
3 3852 3853 3854
3 3855 3856 3857
3 3858 3859 3860
3 3861 3862 3863
3 3864 3865 3866
3 3867 3868 3869
3 3870 3871 3872
3 3873 3874 3875
3 3876 3877 3878
3 3879 3880 3881
3 3882 3883 3884
3 3885 3886 3887
3 3888 3889 3890
3 3891 3892 3893
3 3894 3895 3896
3 3897 3898 3899
3 3900 3901 3902
3 3903 3904 3905
3 3906 3907 3908
3 3909 3910 3911
3 3912 3913 3914
3 3915 3916 3917
3 3918 3919 3920
3 3921 3922 3923
3 3924 3925 3926
3 3927 3928 3929
3 3930 3931 3932
3 3933 3934 3935
3 3936 3937 3938
3 3939 3940 3941
3 3942 3943 3944
3 3945 3946 3947
3 3948 3949 3950
3 3951 3952 3953
3 3954 3955 3956
2 3957 3958
2 3959 3960
2 3961 3962
2 3963 3964
2 3965 3966
2 3967 3968
2 3969 3970
2 3971 3972
2 3973 3974
2 3975 3976
2 3977 3978
2 3979 3980
2 3981 3982
2 3983 3984
2 3985 3986
2 3987 3988
2 3989 3990
2 3991 3992
2 3993 3994
2 3995 3996
2 3997 3998
2 3999 4000
2 4001 4002
2 4003 4004
2 4005 4006
2 4007 4008
2 4009 4010
2 4011 4012
2 4013 4014
2 4015 4016
2 4017 4018
2 4019 4020
2 4021 4022
2 4023 4024
2 4025 4026
2 4027 4028
2 4029 4030
2 4031 4032
2 4033 4034
2 4035 4036
2 4037 4038
2 4039 4040
2 4041 4042
2 4043 4044
2 4045 4046
2 4047 4048
2 4049 4050
2 4051 4052
2 4053 4054
2 4055 4056
2 4057 4058
2 4059 4060
2 4061 4062
2 4063 4064
2 4065 4066
2 4067 4068
2 4069 4070
2 4071 4072
2 4073 4074
2 4075 4076
2 4077 4078
2 4079 4080
2 4081 4082
2 4083 4084
2 4085 4086
2 4087 4088
2 4089 4090
2 4091 4092
2 4093 4094
2 4095 4096
2 4097 4098
2 4099 4100
2 4101 4102
2 4103 4104
2 4105 4106
2 4107 4108
2 4109 4110
2 4111 4112
2 4113 4114
2 4115 4116
2 4117 4118
2 4119 4120
2 4121 4122
2 4123 4124
2 4125 4126
2 4127 4128
2 4129 4130
2 4131 4132
2 4133 4134
2 4135 4136
2 4137 4138
2 4139 4140
2 4141 4142
2 4143 4144
2 4145 4146
2 4147 4148
2 4149 4150
2 4151 4152
2 4153 4154
2 4155 4156
2 4157 4158
2 4159 4160
2 4161 4162
2 4163 4164
2 4165 4166
2 4167 4168
2 4169 4170
2 4171 4172
2 4173 4174
2 4175 4176
2 4177 4178
2 4179 4180
2 4181 4182
2 4183 4184
2 4185 4186
2 4187 4188
2 4189 4190
2 4191 4192
2 4193 4194
2 4195 4196
2 4197 4198
2 4199 4200
2 4201 4202
2 4203 4204
2 4205 4206
2 4207 4208
2 4209 4210
2 4211 4212
2 4213 4214
2 4215 4216
2 4217 4218
2 4219 4220
2 4221 4222
2 4223 4224
2 4225 4226
2 4227 4228
2 4229 4230
2 4231 4232
2 4233 4234
2 4235 4236
2 4237 4238
2 4239 4240
2 4241 4242
2 4243 4244
2 4245 4246
2 4247 4248
2 4249 4250
2 4251 4252
2 4253 4254
2 4255 4256
2 4257 4258
2 4259 4260
2 4261 4262
2 4263 4264
2 4265 4266
2 4267 4268
2 4269 4270
2 4271 4272
2 4273 4274
2 4275 4276
2 4277 4278
2 4279 4280
2 4281 4282
2 4283 4284
2 4285 4286
2 4287 4288
2 4289 4290
2 4291 4292
2 4293 4294
2 4295 4296
2 4297 4298
2 4299 4300
2 4301 4302
2 4303 4304
2 4305 4306
2 4307 4308
2 4309 4310
2 4311 4312
2 4313 4314
2 4315 4316
2 4317 4318
2 4319 4320
2 4321 4322
2 4323 4324
2 4325 4326
2 4327 4328
2 4329 4330
2 4331 4332
2 4333 4334
2 4335 4336
2 4337 4338
2 4339 4340
2 4341 4342
2 4343 4344
2 4345 4346
2 4347 4348
2 4349 4350
2 4351 4352
2 4353 4354
2 4355 4356
2 4357 4358
2 4359 4360
2 4361 4362
2 4363 4364
2 4365 4366
2 4367 4368
2 4369 4370
2 4371 4372
2 4373 4374
2 4375 4376
2 4377 4378
2 4379 4380
2 4381 4382
2 4383 4384
2 4385 4386
2 4387 4388
2 4389 4390
2 4391 4392
2 4393 4394
2 4395 4396
2 4397 4398
2 4399 4400
2 4401 4402
2 4403 4404
2 4405 4406
2 4407 4408
2 4409 4410
2 4411 4412
2 4413 4414
2 4415 4416
2 4417 4418
2 4419 4420
2 4421 4422
2 4423 4424
2 4425 4426
2 4427 4428
2 4429 4430
2 4431 4432
2 4433 4434
2 4435 4436
2 4437 4438
2 4439 4440
2 4441 4442
2 4443 4444
2 4445 4446
2 4447 4448
2 4449 4450
2 4451 4452
2 4453 4454
2 4455 4456
2 4457 4458
2 4459 4460
2 4461 4462
2 4463 4464
2 4465 4466
2 4467 4468
2 4469 4470
2 4471 4472
2 4473 4474
2 4475 4476
2 4477 4478
2 4479 4480
2 4481 4482
2 4483 4484
2 4485 4486
2 4487 4488
2 4489 4490
2 4491 4492
2 4493 4494
2 4495 4496
2 4497 4498
2 4499 4500
2 4501 4502
2 4503 4504
2 4505 4506
2 4507 4508
2 4509 4510
2 4511 4512
2 4513 4514
2 4515 4516
2 4517 4518
2 4519 4520
2 4521 4522
2 4523 4524
2 4525 4526
2 4527 4528
2 4529 4530
2 4531 4532
2 4533 4534
2 4535 4536
2 4537 4538
2 4539 4540
2 4541 4542
2 4543 4544
2 4545 4546
2 4547 4548
2 4549 4550
2 4551 4552
2 4553 4554
2 4555 4556
2 4557 4558
2 4559 4560
2 4561 4562
2 4563 4564
2 4565 4566
2 4567 4568
2 4569 4570
2 4571 4572
2 4573 4574
2 4575 4576
2 4577 4578
2 4579 4580
2 4581 4582
2 4583 4584
2 4585 4586
2 4587 4588
2 4589 4590
2 4591 4592
2 4593 4594
2 4595 4596
2 4597 4598
2 4599 4600
2 4601 4602
2 4603 4604
2 4605 4606
2 4607 4608
2 4609 4610
2 4611 4612
2 4613 4614
2 4615 4616
2 4617 4618
2 4619 4620
2 4621 4622
2 4623 4624
2 4625 4626
2 4627 4628
2 4629 4630
2 4631 4632
2 4633 4634
2 4635 4636
2 4637 4638
2 4639 4640
2 4641 4642
2 4643 4644
2 4645 4646
2 4647 4648
2 4649 4650
2 4651 4652
2 4653 4654
2 4655 4656
2 4657 4658
2 4659 4660
2 4661 4662
2 4663 4664
2 4665 4666
2 4667 4668
2 4669 4670
2 4671 4672
2 4673 4674
2 4675 4676
2 4677 4678
2 4679 4680
2 4681 4682
2 4683 4684
2 4685 4686
2 4687 4688
2 4689 4690
2 4691 4692
2 4693 4694
2 4695 4696
2 4697 4698
2 4699 4700
2 4701 4702
2 4703 4704
2 4705 4706
2 4707 4708
2 4709 4710
2 4711 4712
2 4713 4714
2 4715 4716
2 4717 4718
2 4719 4720
2 4721 4722
2 4723 4724
2 4725 4726
2 4727 4728
2 4729 4730
2 4731 4732
2 4733 4734
2 4735 4736
2 4737 4738
2 4739 4740
2 4741 4742
2 4743 4744
2 4745 4746
2 4747 4748
2 4749 4750
2 4751 4752
2 4753 4754
2 4755 4756
2 4757 4758
2 4759 4760
2 4761 4762
2 4763 4764
2 4765 4766
2 4767 4768
2 4769 4770
2 4771 4772
2 4773 4774
2 4775 4776
2 4777 4778
2 4779 4780
2 4781 4782
2 4783 4784
2 4785 4786
2 4787 4788
2 4789 4790
2 4791 4792
2 4793 4794
2 4795 4796
2 4797 4798
2 4799 4800
2 4801 4802
2 4803 4804
2 4805 4806
2 4807 4808
2 4809 4810
2 4811 4812
2 4813 4814
2 4815 4816
2 4817 4818
2 4819 4820
2 4821 4822
2 4823 4824
2 4825 4826
2 4827 4828
2 4829 4830
2 4831 4832
2 4833 4834
2 4835 4836
2 4837 4838
2 4839 4840
2 4841 4842
2 4843 4844
2 4845 4846
2 4847 4848
2 4849 4850
2 4851 4852
2 4853 4854
2 4855 4856
2 4857 4858
2 4859 4860
2 4861 4862
2 4863 4864
2 4865 4866
2 4867 4868
2 4869 4870
2 4871 4872
2 4873 4874
2 4875 4876
2 4877 4878
2 4879 4880
2 4881 4882
2 4883 4884
2 4885 4886
2 4887 4888
2 4889 4890
2 4891 4892
2 4893 4894
2 4895 4896
2 4897 4898
2 4899 4900
2 4901 4902
2 4903 4904
2 4905 4906
2 4907 4908
2 4909 4910
2 4911 4912
2 4913 4914
2 4915 4916
2 4917 4918
2 4919 4920
2 4921 4922
2 4923 4924
2 4925 4926
2 4927 4928
2 4929 4930
2 4931 4932
2 4933 4934
2 4935 4936
2 4937 4938
2 4939 4940
2 4941 4942
2 4943 4944
2 4945 4946
2 4947 4948
2 4949 4950
2 4951 4952
2 4953 4954
2 4955 4956
2 4957 4958
2 4959 4960
2 4961 4962
2 4963 4964
